trunk/formation/postgis/data/vecteur/38_BDTOPO_mif/MNT_BDTOPO/ISERE_25_asc.asc
ncols         401
nrows         401
xllcorner     914987.50
yllcorner     6449987.50
cellsize      25.00
NODATA_value  -9999
[rows 252 to 293 of 401, columns 94 to 187 of 401]
362 369 376 381 387 393 402 413 425 437 446 451 455 459 465 472 479 486 490 493 496 498 500 501 504 508 514 522 527 530 533 534 535 536 537 538 540 542 545 549 555 563 574 584 595 605 611 615 617 620 623 626 628 630 630 629 626 623 620 617 614 610 607 604 601 600 599 599 600 602 603 604 604 604 604 605 604 602 602 605 608 610 611 613 615 617 619 621 624 626 629 632 634 637
357 364 370 376 382 389 397 408 420 431 440 445 449 453 459 466 475 482 488 492 495 497 499 501 503 507 512 518 523 526 529 530 531 532 533 535 537 539 541 545 550 559 569 579 590 598 603 605 606 608 611 613 615 617 618 617 616 613 610 607 604 601 598 595 593 592 592 592 593 594 596 596 597 597 598 598 598 598 599 601 603 605 606 609 611 613 615 617 620 622 625 629 632 636
351 358 364 370 377 384 392 402 413 423 432 438 442 446 451 459 469 478 485 490 493 496 498 500 503 506 510 514 518 522 524 525 526 528 530 532 534 536 538 541 546 554 563 573 582 589 593 594 595 597 599 601 603 605 606 606 605 603 600 597 594 592 589 588 586 585 585 585 586 587 588 589 590 590 591 591 592 593 594 596 598 599 602 604 606 608 611 613 615 619 622 626 630 635
344 352 358 365 371 378 386 395 405 414 421 428 433 437 443 453 464 474 481 487 491 494 497 499 502 505 507 510 512 515 517 519 521 524 527 529 531 533 535 538 542 549 557 566 574 579 582 584 585 586 588 590 592 594 595 595 595 593 591 588 585 583 582 580 579 578 578 578 579 580 581 582 582 583 583 584 585 587 589 591 593 595 597 599 602 604 606 609 611 615 619 623 628 633
338 345 352 359 365 371 378 386 395 403 411 418 425 430 437 448 460 470 478 484 488 491 494 497 500 502 504 505 506 507 509 512 516 520 523 526 528 530 532 535 539 544 551 558 564 568 571 573 574 576 578 580 581 583 584 585 584 583 581 579 577 576 574 573 572 571 571 572 572 573 574 574 575 576 576 577 578 581 583 586 588 590 592 595 597 599 601 604 607 611 615 621 626 632
333 340 347 353 358 362 369 377 386 394 401 409 418 426 435 446 456 465 474 480 484 488 491 494 496 498 498 498 497 498 501 506 511 516 519 522 524 526 528 531 534 539 544 549 554 558 560 562 564 566 568 570 572 573 574 575 574 573 572 571 569 568 567 566 565 565 565 565 566 566 567 567 568 569 570 570 572 575 578 581 583 586 588 590 592 594 597 599 603 607 612 618 624 631
329 335 341 346 351 355 361 370 378 386 394 403 413 422 432 443 451 460 468 474 480 484 487 490 491 491 490 489 488 490 494 500 506 511 515 517 520 522 524 526 529 532 536 540 544 547 550 552 555 557 559 561 563 564 564 565 565 564 563 563 562 561 560 559 559 559 559 559 559 559 560 561 562 563 563 564 566 570 573 576 579 581 583 585 587 590 592 595 599 603 609 615 621 628
326 331 336 341 345 350 357 364 372 380 388 397 407 417 427 437 445 452 460 467 473 478 482 484 483 481 479 478 479 482 489 496 501 506 509 512 514 516 518 520 522 525 528 531 534 537 540 543 546 548 551 553 554 555 556 556 557 556 555 555 555 554 554 553 553 553 553 553 553 553 554 555 556 557 558 559 562 566 569 572 575 577 579 581 583 585 588 591 595 600 605 612 618 625
323 327 331 335 340 346 353 360 368 375 383 392 401 410 419 427 435 443 451 458 465 471 474 475 471 466 464 467 473 480 487 493 497 501 504 506 508 510 511 513 515 517 520 522 525 528 531 534 537 540 543 545 547 548 548 549 549 549 548 548 548 548 547 547 547 547 547 547 547 547 548 549 550 551 553 556 559 562 565 568 570 572 574 576 578 580 583 587 591 596 602 609 615 622
319 323 327 331 335 341 348 356 364 371 378 386 393 401 408 416 425 433 442 449 456 462 465 463 456 449 448 457 471 481 487 491 494 496 498 500 501 503 504 506 508 510 512 514 517 519 522 525 528 532 535 538 540 541 542 542 542 542 542 542 541 541 541 541 541 541 541 541 541 542 542 543 545 546 549 552 555 557 560 563 566 568 569 571 573 576 579 583 588 593 599 606 612 619
315 319 322 326 330 336 343 351 359 365 371 377 383 390 397 405 413 422 431 440 447 452 454 450 443 439 443 454 469 480 485 488 489 491 492 494 495 496 497 499 501 503 505 507 509 512 514 517 520 524 527 530 533 535 535 536 536 536 536 536 536 536 536 536 536 536 536 536 536 537 537 538 540 542 544 547 550 553 556 559 562 563 565 566 568 571 575 580 585 590 597 603 609 616
312 315 318 322 325 330 336 344 351 357 363 368 372 377 384 392 400 409 418 428 436 441 442 439 434 435 442 453 465 474 480 483 485 486 487 488 488 489 490 492 494 496 499 501 503 505 508 510 513 516 520 523 526 529 530 530 530 530 530 530 530 530 530 530 530 530 530 531 531 532 532 534 535 537 539 542 546 549 551 554 557 559 560 561 564 567 571 576 582 587 594 600 607 613
311 312 314 317 321 325 330 335 342 348 354 358 362 365 371 378 387 396 405 415 424 429 430 429 429 434 442 452 462 470 474 477 479 480 481 482 482 482 483 485 487 490 493 496 498 500 502 504 507 510 513 517 520 522 524 525 525 525 525 525 525 525 525 525 525 525 525 525 526 527 528 529 530 532 535 538 541 544 547 550 552 554 555 557 559 563 567 573 578 584 591 597 604 610
314 314 315 315 317 320 323 328 334 340 345 349 353 356 360 367 376 385 393 402 411 418 419 420 424 432 442 452 460 466 469 471 473 474 475 476 476 476 477 479 482 485 488 491 493 495 497 499 502 505 508 511 514 516 518 519 520 520 520 520 520 520 520 520 520 520 520 521 521 522 523 524 526 528 531 534 537 540 543 545 547 549 551 553 555 559 564 569 575 581 588 594 601 607
318 318 317 317 318 319 320 323 327 333 338 343 347 350 354 360 367 375 382 390 399 405 408 412 420 430 441 451 457 461 463 465 467 468 469 470 470 471 472 474 477 480 483 486 489 491 493 495 497 500 503 505 508 511 513 514 515 515 516 516 516 516 516 516 515 515 516 516 517 518 519 520 522 525 528 531 533 536 538 540 542 544 546 549 552 557 561 567 572 578 584 591 598 603
325 322 320 320 320 320 320 321 324 328 333 338 343 347 351 356 362 368 374 381 388 394 399 407 417 429 440 449 454 457 459 460 461 462 463 464 465 466 468 470 472 475 478 481 484 486 488 490 493 495 498 500 503 506 508 509 510 511 511 511 511 511 511 511 511 511 511 512 513 514 515 516 519 522 525 528 530 531 533 535 537 540 543 546 550 554 559 563 568 574 580 587 593 599
333 329 326 325 324 323 321 320 322 325 330 335 340 344 348 353 358 364 369 375 382 389 397 405 414 426 436 445 451 454 456 456 456 457 458 459 460 461 463 465 468 471 474 476 479 481 484 486 488 491 493 496 498 501 503 504 505 506 507 507 507 507 507 507 507 507 507 508 509 510 511 513 516 519 522 525 526 527 529 530 533 536 539 543 547 552 556 560 565 570 576 582 588 593
342 338 334 331 329 328 325 323 323 326 330 334 338 341 345 350 355 361 367 374 382 390 398 405 414 423 432 441 447 451 452 452 452 453 453 455 456 457 459 461 464 467 469 472 474 476 479 481 484 486 489 491 494 496 498 500 501 502 502 502 503 503 503 503 503 503 503 504 505 506 508 510 513 517 519 521 522 523 524 526 529 532 536 540 544 549 553 557 561 566 572 577 582 587
352 347 343 339 336 334 332 330 329 330 333 335 338 340 343 347 353 359 368 376 384 391 398 406 414 421 427 434 443 447 449 448 448 449 450 451 452 453 455 457 460 463 465 467 470 472 474 477 479 482 484 487 490 492 494 496 497 497 498 498 498 498 499 499 499 499 500 500 501 503 505 507 510 513 515 517 518 518 519 522 525 529 533 537 541 545 549 553 557 562 567 571 576 580
360 356 352 348 344 342 340 338 337 336 337 337 339 341 342 345 351 359 368 378 386 392 398 405 412 417 420 426 435 442 444 444 444 445 446 447 448 450 452 454 456 459 461 463 466 468 470 472 475 477 480 483 486 488 490 491 492 493 494 494 494 494 495 495 495 495 496 497 498 500 502 504 507 509 511 513 514 515 516 519 522 526 530 535 539 542 546 550 554 558 562 566 569 573
369 365 360 356 352 349 347 345 343 342 341 340 340 341 342 345 351 358 369 379 387 393 398 403 409 412 415 419 427 435 438 440 440 441 442 444 445 446 448 450 453 455 457 459 462 464 466 469 471 474 476 479 482 484 486 487 488 489 490 490 490 490 491 491 491 491 492 493 494 496 498 501 503 505 507 509 510 512 514 517 520 524 528 532 536 540 543 547 551 554 558 560 563 566
377 374 369 364 360 356 353 350 348 345 343 342 343 342 342 345 350 358 368 379 387 392 396 400 405 408 411 415 421 428 432 435 436 437 438 440 441 443 444 446 449 451 454 456 458 460 463 465 468 471 473 475 478 480 481 483 484 485 486 486 486 486 487 487 487 487 488 489 491 493 495 497 499 501 503 505 507 509 512 514 518 521 525 529 533 537 540 544 547 551 553 556 558 560
383 380 376 371 367 363 359 355 351 347 344 343 344 344 344 346 350 357 367 377 385 391 395 398 402 405 408 412 417 423 427 430 431 433 434 436 437 439 441 443 445 448 450 452 455 457 460 462 465 468 470 472 474 476 477 479 480 481 482 482 482 483 483 483 483 483 484 485 487 489 491 493 495 498 500 503 505 507 510 512 515 519 522 526 530 534 537 541 544 547 550 552 553 555
388 385 381 377 372 368 364 359 354 349 344 342 343 344 345 347 351 357 365 375 383 389 393 396 399 402 404 408 414 419 423 425 426 428 430 432 434 435 437 439 441 444 447 449 451 454 457 460 463 466 468 470 471 472 474 475 476 477 478 478 479 479 479 479 480 480 480 482 484 486 488 489 492 495 498 500 503 506 508 511 513 516 519 523 527 531 535 538 541 544 546 548 550 551
391 388 384 380 376 372 368 363 357 350 345 342 342 343 345 348 351 357 364 373 381 387 391 394 397 399 401 405 411 416 419 420 422 424 426 428 430 432 434 436 438 441 444 446 448 451 454 458 461 464 465 467 468 469 470 471 472 473 474 475 475 475 476 476 476 476 477 478 480 482 484 486 489 492 495 499 502 504 507 509 511 514 517 520 524 528 532 535 538 541 543 545 546 548
393 390 387 383 379 375 370 365 359 352 346 342 342 343 345 348 351 357 364 371 379 385 389 392 394 396 399 403 408 412 415 417 418 420 422 425 427 430 432 434 436 438 441 443 446 449 452 455 459 461 463 464 465 466 467 468 469 470 470 471 472 472 472 472 473 473 474 476 478 479 481 483 486 490 494 497 501 503 506 508 510 512 515 518 522 525 529 532 535 538 540 542 544 545
394 391 388 385 381 377 372 367 361 354 347 343 342 343 345 347 351 356 363 370 377 382 387 390 392 395 398 402 406 409 412 414 415 417 419 422 425 427 429 432 434 436 438 440 443 446 449 453 456 458 460 461 462 463 463 464 465 466 467 468 468 469 469 469 470 471 472 474 475 477 479 482 485 489 493 497 500 503 505 507 509 511 514 516 520 523 526 529 532 535 537 539 541 542
394 392 389 385 382 378 374 369 363 356 348 343 342 343 344 346 350 356 362 368 374 380 384 388 391 394 397 402 405 408 410 411 413 414 417 419 422 425 428 430 432 434 436 438 441 444 447 450 453 455 457 458 459 460 460 461 462 463 464 464 465 465 466 466 467 468 470 472 474 477 479 482 485 489 492 496 499 502 504 506 508 510 512 515 518 520 523 526 529 532 534 536 538 540
394 392 389 386 383 380 375 370 364 356 349 344 342 342 342 345 349 355 361 367 372 377 382 385 389 393 397 401 404 406 408 409 411 413 415 417 420 423 426 428 430 432 434 436 439 441 444 447 450 452 454 455 456 457 457 458 459 460 460 461 462 462 463 464 464 466 468 471 473 476 479 482 485 489 492 495 498 501 503 506 508 509 511 513 515 518 520 523 526 529 532 534 536 537
394 392 389 387 384 380 376 371 364 357 350 345 342 341 341 344 349 354 360 365 370 375 379 383 387 391 395 400 403 405 406 407 409 411 413 416 419 422 424 426 428 430 432 434 437 439 442 444 447 449 451 452 453 454 455 455 456 457 457 458 459 460 460 461 462 464 467 470 473 476 480 483 486 489 492 495 498 500 503 505 507 508 510 512 514 515 517 520 523 526 529 531 533 535
394 392 390 387 384 381 377 372 365 358 351 345 342 341 341 344 348 353 359 365 369 373 377 381 385 390 394 397 400 402 404 406 407 409 412 414 417 420 422 424 426 427 430 432 434 437 439 442 444 446 448 450 451 452 452 453 453 454 455 455 456 457 458 459 460 463 466 470 473 477 480 483 486 489 492 494 497 500 502 504 506 507 509 511 512 513 515 517 520 523 526 529 530 532
394 392 390 388 385 382 378 373 366 359 352 346 342 341 341 343 347 353 359 364 368 372 375 379 383 388 392 395 398 400 402 404 406 408 410 412 415 418 420 422 423 425 427 430 432 435 437 439 442 444 446 447 448 449 450 450 451 451 452 453 454 456 457 458 460 463 466 470 474 477 481 484 486 489 491 494 496 499 501 503 505 506 508 509 511 512 514 515 518 520 523 526 528 529
395 393 391 389 386 383 380 374 368 361 354 347 343 340 340 342 346 352 358 364 368 372 375 378 383 387 390 393 396 398 400 402 404 406 408 410 413 415 418 419 421 423 425 428 430 433 435 437 439 441 443 445 446 447 447 448 448 449 450 451 453 454 456 458 460 463 467 470 474 478 481 484 486 489 491 493 496 498 500 502 504 505 507 508 510 511 513 514 516 519 521 523 525 526
395 393 391 389 387 384 380 375 369 362 355 348 342 339 339 341 346 352 358 363 368 372 375 379 383 386 389 392 394 396 398 400 402 404 406 408 411 413 415 417 419 421 424 426 429 431 433 435 437 439 440 442 443 444 445 445 446 447 448 450 451 453 455 458 461 463 467 470 474 478 481 484 486 488 490 492 495 497 499 500 502 504 506 507 509 510 512 513 515 517 519 520 522 523
397 394 392 390 388 385 381 376 370 364 357 349 342 339 339 341 346 352 358 363 368 372 376 380 383 386 388 391 393 394 396 398 400 402 404 407 409 411 413 415 417 419 422 425 427 429 431 433 435 436 438 439 441 442 442 443 444 445 447 449 450 452 455 458 460 463 467 470 474 477 480 483 485 487 489 491 493 495 497 499 501 503 504 506 508 509 511 512 514 515 517 518 519 520
398 395 393 391 389 386 382 377 371 365 357 350 343 339 339 341 346 352 358 364 368 372 377 381 384 386 388 390 391 393 395 397 398 400 403 405 407 410 412 413 415 418 421 423 426 428 430 431 433 434 435 437 438 440 440 440 442 443 445 448 450 452 454 457 460 463 466 470 473 476 479 482 484 486 488 490 492 494 496 498 500 501 503 505 506 508 509 511 512 514 515 516 518 519
399 397 395 392 390 387 383 378 372 366 358 350 344 340 339 341 346 352 358 363 368 372 376 380 383 385 387 389 390 392 394 395 397 399 401 404 406 408 410 412 414 417 419 422 424 426 428 429 430 432 433 434 436 437 438 438 440 442 444 447 449 451 454 457 460 462 466 469 472 475 478 480 482 484 486 488 491 493 494 496 498 500 502 503 505 507 508 510 511 512 514 515 517 519
402 399 396 393 390 387 383 378 372 366 359 351 345 340 339 341 345 351 357 362 367 371 375 379 382 384 386 388 389 391 392 394 396 398 400 402 405 407 409 411 413 416 418 421 422 424 426 427 428 429 431 432 433 435 436 437 439 441 444 446 449 451 454 456 459 462 465 468 471 474 476 478 480 483 485 487 489 491 493 495 497 499 501 503 504 506 507 509 510 511 513 514 516 519
403 401 398 395 391 388 383 378 373 366 359 352 345 341 339 341 344 350 355 361 366 370 374 377 381 383 385 387 388 389 391 393 394 397 399 401 403 405 407 409 412 414 417 419 420 422 423 425 426 427 428 430 431 433 435 437 439 441 443 446 448 451 453 456 458 461 464 467 469 472 474 477 479 481 483 486 488 490 492 494 496 498 500 502 503 505 506 508 509 510 512 514 516 518
405 402 399 396 392 388 384 379 373 367 360 353 346 341 340 341 344 349 354 360 365 369 373 376 379 382 384 385 387 388 389 391 393 395 398 400 402 404 406 408 410 412 415 417 419 420 421 422 423 424 426 427 429 431 434 436 439 441 443 445 448 450 453 455 458 460 463 466 468 471 473 475 477 479 482 484 486 488 491 493 495 497 499 501 502 504 505 507 508 509 511 513 515 518
406 404 401 397 393 389 384 379 373 367 360 353 347 343 340 341 344 349 354 359 364 368 372 375 378 380 382 384 385 386 388 389 391 394 396 399 401 403 404 406 408 411 414 417 418 418 418 419 421 422 423 425 428 430 433 435 438 441 443 445 447 450 452 455 457 460 462 465 467 470 472 474 475 478 480 482 485 487 490 492 494 496 498 500 502 503 504 506 507 509 510 512 515 517
408 405 402 398 394 389 385 380 374 367 361 354 349 345 342 343 345 350 355 360 364 368 371 374 376 378 380 382 383 384 386 388 389 392 394 397 400 402 403 403 405 409 413 417 419 419 418 418 419 420 422 424 427 429 432 435 438 440 442 444 447 449 452 454 456 459 462 464 467 469 470 472 474 476 478 481 483 486 489 491 494 496 498 499 501 502 504 505 506 508 510 512 514 517
