trunk/formation/postgis/data/vecteur/38_BDTOPO_mif/MNT_BDTOPO/ISERE_25_asc.asc
ncols         401
nrows         401
xllcorner     914987.50
yllcorner     6449987.50
cellsize      25.00
NODATA_value  -9999
[rows 84 to 125 of 401, columns 282 to 375 of 401]
508 519 524 527 530 535 541 548 556 564 573 583 594 603 611 618 626 634 641 647 651 655 658 661 664 666 669 672 676 679 680 679 677 674 673 677 686 698 708 717 726 735 743 752 762 772 778 777 768 752 734 716 699 685 674 667 666 666 673 683 691 699 707 714 721 726 727 719 704 686 669 651 633 617 602 587 574 561 548 537 526 516 508 501 498 496 493 491 488 486 485 489 495 501
500 511 517 521 525 533 540 547 553 560 570 580 589 598 607 616 626 636 645 651 656 660 665 669 672 675 678 682 686 689 690 690 688 685 684 685 693 705 717 728 738 748 758 768 778 787 791 785 772 756 737 719 701 685 675 671 674 680 688 697 705 713 721 728 734 736 733 722 706 688 670 652 635 618 603 589 576 563 552 540 530 520 512 506 504 503 500 497 493 490 489 491 496 501
490 500 508 515 523 532 540 546 552 559 567 577 586 594 603 614 624 634 644 651 658 664 671 676 680 683 687 691 695 698 700 700 699 697 695 695 701 712 725 737 750 761 772 782 792 800 801 792 775 758 740 721 701 685 676 678 685 693 702 710 719 726 734 741 746 745 737 724 707 688 671 654 637 620 604 590 578 566 554 543 533 524 516 512 511 510 507 503 499 496 494 495 498 502
479 490 500 511 524 532 539 546 552 558 566 575 584 593 602 612 621 630 639 648 658 667 675 682 686 690 695 699 703 707 710 711 710 709 707 707 710 719 732 746 760 773 785 796 805 809 807 795 778 760 741 722 703 687 682 688 697 706 715 724 731 739 746 752 757 753 740 724 706 688 671 654 638 621 605 592 580 568 556 545 534 526 520 518 519 517 514 510 506 502 500 499 501 503
470 480 492 508 523 532 538 545 551 558 566 575 584 593 602 610 618 626 635 645 656 667 677 684 690 696 701 706 710 715 718 721 721 721 720 720 722 728 739 754 770 786 799 809 816 817 810 797 780 761 742 723 705 693 692 701 710 719 729 737 744 751 758 762 764 757 741 723 704 687 670 654 638 622 606 593 581 570 558 546 536 529 526 525 525 524 521 517 512 508 505 503 504 505
461 471 484 501 517 528 535 542 550 558 566 574 583 593 602 609 616 623 632 642 654 666 676 686 694 701 706 711 716 721 725 729 732 734 735 735 736 739 748 762 780 797 811 822 826 823 812 798 781 763 743 725 709 701 706 714 724 733 742 750 758 764 769 771 768 757 740 721 702 685 669 654 638 622 607 594 582 571 559 548 538 534 533 533 533 531 528 524 518 513 510 508 508 508
456 465 477 492 508 521 530 538 546 555 564 572 582 592 601 608 614 621 630 642 654 666 676 688 698 705 711 715 720 726 732 737 742 747 750 752 752 752 758 773 793 809 822 831 835 827 813 797 781 764 744 726 715 712 719 728 738 747 756 765 773 778 779 776 769 756 738 719 701 683 667 652 637 622 608 594 583 572 560 550 543 542 542 542 541 539 535 531 525 520 515 512 512 512
459 462 471 483 498 512 523 532 541 551 560 570 579 589 598 605 612 620 631 643 656 668 680 692 702 710 715 720 726 731 738 744 751 759 765 770 772 772 777 790 806 820 832 839 838 828 813 797 781 764 745 729 723 725 733 743 752 762 771 779 787 791 787 781 770 755 737 718 699 682 666 651 637 622 608 595 583 572 561 554 550 550 551 550 549 547 543 539 533 527 521 518 517 516
470 466 468 477 488 502 514 525 535 545 555 566 576 586 593 601 610 620 631 643 658 672 684 696 706 714 720 725 731 738 744 752 761 770 779 786 792 794 798 807 819 832 840 844 840 829 813 795 778 762 746 736 734 739 748 758 768 777 786 793 799 801 795 783 769 753 735 717 698 681 665 650 636 622 608 595 583 572 563 559 558 559 559 559 557 555 551 548 543 536 529 525 523 520
485 478 473 474 481 494 507 519 530 541 551 562 574 583 591 599 610 622 633 645 659 674 686 697 707 717 725 731 737 744 752 761 772 782 792 802 809 812 817 824 833 841 846 845 839 827 811 793 775 759 749 745 748 755 765 775 784 793 800 806 807 805 798 784 768 751 734 715 697 680 664 650 635 622 608 595 584 574 568 565 565 567 567 567 565 563 560 557 553 546 538 532 528 525
498 490 483 476 477 488 501 514 526 537 548 560 571 580 589 601 612 623 633 645 657 670 682 693 705 717 727 735 743 751 760 772 783 794 805 815 822 827 833 839 846 851 851 846 837 824 808 790 772 759 754 757 764 772 782 792 800 808 814 817 814 807 796 782 766 749 732 714 695 678 663 649 635 621 608 596 585 577 573 572 573 574 575 575 573 571 569 566 562 555 546 539 533 529
509 501 492 483 477 484 496 509 522 533 543 557 568 577 587 603 613 621 631 641 651 663 674 686 700 714 726 735 745 756 769 783 794 805 817 828 835 841 847 854 859 860 856 848 835 820 804 787 774 766 766 773 782 790 799 807 815 822 827 826 818 806 793 779 764 747 730 712 694 677 662 648 634 621 608 597 587 581 580 580 581 582 583 582 581 578 576 572 567 560 552 544 538 534
519 510 500 490 482 483 493 505 515 525 536 550 562 572 583 599 608 614 621 630 641 653 664 677 692 707 720 732 745 758 773 788 802 813 826 838 845 852 859 866 870 868 861 849 834 818 802 788 781 781 784 792 800 807 814 821 828 834 837 832 819 804 790 776 761 745 728 711 693 677 662 648 634 620 608 598 591 587 586 587 588 589 591 590 588 585 581 577 572 564 556 549 543 538
525 517 508 498 489 486 492 500 508 517 527 540 553 562 572 586 596 602 608 617 629 642 655 668 684 699 712 726 739 754 771 788 803 816 828 842 850 858 866 874 879 875 866 852 836 819 804 794 792 796 802 808 815 821 828 834 840 843 842 833 817 801 786 772 758 743 727 710 693 677 663 649 635 620 609 600 596 594 593 593 595 596 598 598 595 590 586 581 575 568 560 553 547 542
531 524 515 505 496 491 494 500 506 512 520 530 541 550 556 565 577 587 594 603 616 630 644 658 675 691 705 718 732 746 762 780 800 814 827 840 851 859 867 875 881 880 872 857 839 822 810 804 805 810 816 822 828 835 841 846 850 849 843 831 814 797 783 770 756 742 727 711 693 677 664 651 636 622 611 605 602 601 600 600 601 603 604 603 601 596 591 585 579 572 564 558 552 546
536 530 522 513 503 496 500 506 511 515 519 525 532 539 545 552 561 573 582 592 604 617 631 646 663 683 698 711 724 737 751 767 788 807 822 834 846 856 866 875 883 883 877 863 844 828 818 815 817 823 829 836 842 849 854 857 857 852 842 826 809 793 780 767 755 743 729 713 694 677 664 651 638 626 617 611 609 608 607 607 608 609 609 608 605 601 595 589 582 575 568 562 556 549
542 536 529 520 510 502 504 510 515 519 523 528 534 540 545 550 555 563 572 583 593 605 618 632 649 671 691 705 717 729 742 755 774 795 812 826 839 852 863 874 884 886 882 869 852 837 829 827 830 836 843 850 857 863 867 866 861 851 838 821 805 790 777 766 755 744 731 714 694 677 664 652 642 633 626 621 618 617 615 615 615 615 614 611 608 604 598 592 585 579 572 566 560 553
548 543 536 527 517 508 508 514 520 524 529 534 540 547 552 557 561 569 575 579 588 597 608 621 636 657 682 699 711 722 734 747 762 781 800 815 830 846 860 873 883 888 886 877 863 849 841 841 844 851 859 865 871 876 877 872 862 848 833 816 801 787 775 765 755 745 732 715 695 677 664 655 647 642 637 633 630 627 624 623 622 621 618 615 611 606 600 594 588 581 575 569 562 556
555 550 542 533 523 514 512 517 523 528 534 541 547 554 562 570 576 582 587 591 594 596 605 616 629 647 672 691 705 716 728 741 755 772 788 804 821 839 856 870 881 888 889 885 874 862 855 855 860 867 874 879 883 885 883 874 859 844 828 812 797 785 774 764 755 745 733 717 696 679 667 660 655 652 649 645 641 637 633 631 629 626 623 618 613 608 602 596 590 583 577 571 564 558
562 556 549 539 529 519 515 518 524 531 538 546 555 564 575 585 592 597 600 602 605 607 614 620 627 642 663 683 698 710 725 740 755 768 783 799 817 836 853 867 878 885 889 889 883 875 869 870 876 883 888 891 892 890 883 871 855 838 823 808 795 783 773 763 755 745 734 719 699 684 673 667 664 662 659 655 651 647 642 639 635 631 626 620 614 609 603 597 591 584 578 571 565 559
568 562 554 545 535 526 520 520 526 532 540 550 561 573 587 598 604 608 612 616 620 624 627 630 634 641 657 675 690 705 721 739 755 768 781 797 815 833 849 861 871 880 887 891 890 887 884 887 892 897 900 901 899 892 880 865 849 833 819 805 793 782 773 764 754 744 734 720 703 691 682 677 675 672 669 664 659 654 649 645 640 634 628 622 616 610 604 598 591 584 577 571 565 560
572 567 559 550 541 533 527 525 528 534 541 550 562 576 591 602 609 614 620 627 633 638 642 642 642 642 653 668 685 701 718 737 754 768 781 795 812 829 844 853 861 872 883 891 896 899 902 905 909 912 913 909 902 891 876 860 844 829 816 804 792 782 772 763 753 742 732 722 710 701 694 689 685 681 676 670 664 658 653 648 643 636 629 622 616 610 604 598 591 584 577 570 564 560
576 570 563 555 547 541 536 533 534 537 542 549 559 572 585 597 606 613 621 631 640 644 647 648 647 648 656 668 684 700 717 736 754 769 781 793 807 822 834 842 850 864 879 892 902 910 918 922 925 926 923 916 904 888 871 854 839 827 815 804 793 782 772 762 751 742 736 729 721 714 706 700 694 688 682 674 667 660 654 648 642 635 628 622 616 610 604 597 591 583 576 569 563 559
580 575 568 561 554 550 547 543 542 543 546 550 556 565 576 587 597 605 613 623 636 645 649 650 650 653 660 671 685 699 715 733 752 767 778 789 800 812 823 832 843 860 877 893 906 918 929 936 939 938 931 919 903 885 867 851 837 826 816 805 794 783 772 762 754 749 745 739 732 725 717 708 699 691 683 675 667 659 653 646 640 633 627 621 615 609 603 597 590 583 575 569 563 559
584 579 574 567 561 559 557 553 549 549 551 556 559 563 569 576 582 590 599 611 625 638 643 646 649 652 660 671 684 695 709 724 743 761 772 782 791 801 814 828 843 860 878 894 910 925 938 948 951 946 936 920 901 882 865 850 838 828 818 807 797 785 774 766 762 760 755 747 739 732 723 712 701 691 681 673 664 657 650 643 637 631 625 619 614 609 603 596 589 582 575 569 564 561
589 583 578 574 571 569 567 562 557 555 557 561 564 566 569 575 584 590 594 599 609 623 631 637 642 646 655 665 677 688 700 715 732 749 763 774 784 796 811 827 845 863 880 897 913 930 946 957 958 951 938 919 899 880 865 852 841 831 821 811 800 789 779 771 768 765 759 751 743 734 723 711 698 687 677 668 661 653 646 640 634 628 623 618 613 608 602 596 589 582 575 570 565 563
594 587 584 582 580 578 576 571 567 563 564 566 569 571 574 581 589 597 603 607 611 614 620 627 634 641 650 661 671 681 693 707 723 739 755 770 784 798 813 830 848 866 884 900 918 936 952 960 960 952 938 919 897 879 865 855 845 835 824 814 804 794 783 776 770 766 760 753 744 734 721 707 693 681 672 664 656 649 642 636 631 625 620 616 612 607 602 596 589 582 576 571 568 567
599 593 590 590 589 588 585 581 576 573 572 573 575 578 582 588 596 604 612 617 620 624 629 634 640 647 656 665 674 682 693 708 724 739 756 773 788 803 817 833 852 870 887 904 922 942 956 962 960 951 936 917 897 879 866 856 848 837 827 816 806 796 786 778 771 765 759 751 742 731 717 701 687 676 668 660 652 645 639 634 629 624 619 614 610 606 601 596 589 583 578 573 571 570
606 600 598 599 598 598 595 591 586 582 580 580 582 585 589 595 603 612 620 626 631 635 638 643 648 654 662 671 679 687 699 714 732 749 764 780 794 808 823 839 858 876 893 909 928 948 961 964 960 949 934 915 896 879 867 857 848 838 827 816 805 796 786 778 771 764 757 749 739 727 712 696 682 673 665 657 649 642 637 632 627 622 617 612 609 605 601 596 590 584 580 576 574 574
617 611 609 608 608 607 605 601 596 592 588 587 590 594 597 603 611 619 628 636 641 646 650 654 657 662 668 676 683 692 704 722 743 760 775 788 801 815 831 849 868 885 901 918 937 955 964 965 959 946 930 912 894 879 867 857 847 837 825 814 803 794 786 778 770 763 755 747 736 724 709 694 681 673 666 657 649 641 635 631 626 620 614 609 606 603 600 596 591 586 582 579 578 578
628 624 620 618 618 617 614 610 605 600 595 594 597 601 606 612 619 627 636 645 652 657 662 666 669 671 675 680 688 698 712 732 755 772 785 796 808 823 840 860 879 896 913 930 948 962 966 964 956 943 927 910 893 879 867 857 846 835 823 811 801 793 785 777 769 762 754 745 735 723 709 696 685 677 669 660 650 642 636 631 626 619 612 606 602 601 599 595 592 589 586 583 582 582
641 636 632 628 628 627 623 619 614 608 602 601 604 610 615 621 628 636 645 655 663 669 674 679 681 683 684 689 696 706 724 746 767 782 795 805 816 831 851 873 891 908 924 941 956 966 969 964 954 940 924 908 892 879 867 856 845 833 821 809 800 792 785 777 769 761 754 745 735 724 712 700 691 683 673 663 653 644 637 631 626 620 612 604 600 599 597 596 594 591 589 587 585 585
653 648 643 639 638 637 633 627 622 616 611 610 614 619 625 630 637 646 656 665 674 680 686 690 694 697 699 702 707 718 737 760 779 792 803 813 825 842 864 885 903 919 935 951 963 970 970 964 953 938 921 906 892 879 867 856 845 833 821 810 800 792 785 777 769 761 754 745 736 725 714 703 694 686 676 665 654 645 638 631 626 620 612 606 601 598 597 597 596 595 593 591 589 589
665 658 653 650 648 646 642 636 630 625 621 621 625 630 634 639 647 656 666 676 684 691 697 702 708 713 716 720 724 734 753 775 792 802 811 821 836 855 876 896 913 930 946 960 969 973 971 964 951 935 919 904 891 879 867 856 845 833 822 811 802 794 785 778 770 762 754 745 736 726 715 704 695 686 676 665 655 646 638 631 625 619 613 607 602 599 599 600 600 598 596 594 593 592
677 669 664 661 659 656 651 646 639 633 629 630 634 639 643 648 657 667 677 686 693 701 708 716 723 730 735 740 746 756 773 792 805 812 819 829 847 869 888 906 923 940 955 966 973 974 971 962 947 931 916 902 890 878 866 854 843 832 821 811 803 794 785 778 770 763 754 744 734 725 714 703 693 683 674 665 655 646 638 631 624 619 614 609 604 603 603 604 603 601 599 597 596 595
691 682 676 672 670 667 662 655 649 642 637 638 642 646 650 657 666 676 686 695 703 712 721 731 741 748 754 762 770 781 794 806 816 823 830 842 862 884 901 917 933 949 962 970 975 974 969 958 943 928 913 900 887 875 863 851 840 828 817 808 800 791 783 776 769 761 752 742 732 722 711 701 691 681 672 663 655 646 638 631 624 620 617 614 612 610 609 608 606 604 601 599 598 598
708 699 691 686 682 678 672 665 658 651 646 645 649 652 657 664 673 684 695 705 714 725 736 748 758 765 772 780 791 801 811 819 828 836 846 861 880 898 914 929 944 957 967 973 975 973 966 954 939 924 910 897 884 871 859 847 834 822 811 802 794 786 779 772 766 758 749 739 728 718 708 698 688 678 670 662 655 647 640 633 627 623 622 621 620 618 615 612 609 606 602 600 600 600
726 718 709 701 695 689 683 676 668 661 656 654 656 659 664 672 682 694 706 716 727 738 750 762 772 779 787 797 807 816 824 832 841 852 865 880 897 913 928 942 954 965 972 976 975 970 962 949 935 921 907 893 880 866 853 840 828 816 805 795 787 780 773 766 760 753 745 735 725 715 704 694 685 677 669 662 655 648 642 636 633 630 629 628 627 624 620 616 611 607 604 601 601 602
746 737 727 718 710 702 695 687 680 673 667 663 664 667 673 681 694 707 719 730 741 753 764 774 784 792 801 810 820 828 836 846 856 869 883 898 913 927 940 952 962 970 974 975 972 966 957 944 930 917 903 889 875 861 847 834 822 810 798 789 781 773 766 760 753 747 739 731 721 712 702 692 683 676 669 663 656 650 644 641 639 638 636 634 632 629 624 619 614 609 605 603 603 604
764 755 745 735 725 716 708 700 692 685 679 673 672 676 685 696 708 721 733 744 755 766 776 786 795 805 814 823 832 840 849 860 872 885 899 913 927 940 951 961 968 973 975 973 969 961 950 938 925 911 898 884 870 856 842 829 817 805 794 783 774 766 760 753 747 741 734 726 718 710 701 692 684 677 671 665 658 652 648 646 645 644 642 639 636 632 627 621 616 611 607 606 606 607
777 770 762 753 743 733 723 714 706 699 692 686 683 688 700 712 723 735 746 757 768 779 789 798 808 817 826 835 844 853 863 874 887 900 914 927 939 950 960 967 972 973 972 969 963 954 944 932 919 905 892 878 865 851 838 825 813 801 789 779 769 761 754 748 742 737 730 724 716 709 701 694 687 680 674 668 662 656 653 651 649 648 646 643 640 635 630 623 617 613 610 609 609 611
789 783 776 769 760 751 740 731 722 715 708 702 699 705 716 727 737 748 759 770 781 791 802 812 821 831 840 848 856 866 877 889 901 914 927 939 950 959 966 971 972 971 967 962 955 946 936 925 912 899 885 872 860 847 834 821 809 797 785 775 765 757 750 744 739 734 729 723 716 709 702 695 689 684 678 671 665 661 657 655 654 652 650 647 643 638 631 624 619 615 613 612 613 615
