trunk/formation/postgis/data/vecteur/38_BDTOPO_mif/MNT_BDTOPO/ISERE_25_asc.asc
ncols         401
nrows         401
xllcorner     914987.50
yllcorner     6449987.50
cellsize      25.00
NODATA_value  -9999
[rows 252 to 293 of 401, columns 282 to 375 of 401]
491 487 482 476 468 457 441 424 410 402 402 405 411 418 425 432 443 460 477 490 500 508 516 523 529 533 537 539 542 544 546 549 553 557 561 565 569 573 577 582 586 591 596 601 607 613 620 626 633 639 644 649 653 657 660 664 667 671 675 680 684 688 692 697 701 705 710 714 719 723 727 731 735 739 743 747 751 755 758 762 767 771 776 782 787 793 798 803 808 812 815 818 821 824
492 488 483 477 469 458 444 427 413 404 401 403 409 416 422 429 436 449 466 481 493 502 511 520 528 533 536 539 541 543 545 548 551 555 559 563 567 572 576 580 585 590 594 599 605 611 618 624 631 637 643 648 652 656 660 663 667 671 675 679 684 688 692 697 701 706 710 715 719 723 727 731 736 740 744 748 752 756 760 764 768 773 778 783 789 794 799 804 809 813 817 820 823 826
494 489 483 476 468 458 444 427 413 404 401 403 409 417 425 431 436 444 456 471 484 495 505 517 526 532 536 539 540 542 544 546 549 553 557 561 566 570 574 579 583 588 593 598 604 610 616 622 629 636 642 647 651 655 659 662 666 670 674 679 683 688 693 697 702 706 711 715 719 723 728 732 737 741 745 750 754 758 762 766 770 775 779 784 790 795 800 805 810 814 818 822 825 828
496 490 483 475 466 457 443 426 413 405 402 406 414 423 431 437 441 446 454 465 476 487 499 512 524 531 536 538 539 541 542 545 547 551 555 559 563 568 572 577 582 586 591 596 602 607 614 620 627 633 640 645 649 654 657 661 665 669 674 678 683 688 693 698 703 707 711 715 719 723 728 733 737 742 746 751 755 759 763 767 772 776 781 786 791 796 801 806 811 816 820 824 827 830
498 491 482 473 464 454 441 424 412 405 405 410 420 431 440 447 452 456 460 464 470 479 491 505 519 529 534 537 539 540 542 543 546 549 552 556 561 566 571 576 580 585 589 594 599 605 611 618 625 631 637 643 648 652 656 660 664 669 673 678 683 688 693 699 703 708 712 715 719 724 729 734 738 743 747 752 756 760 764 769 773 777 782 787 792 797 802 807 812 817 822 826 829 833
502 493 484 474 464 452 438 423 412 406 408 415 427 440 450 458 464 468 468 468 469 473 482 496 513 524 531 535 538 539 541 542 544 547 550 554 559 564 569 574 579 583 588 592 596 602 609 616 622 629 635 640 646 650 655 659 663 668 672 677 683 688 694 699 704 709 713 717 720 725 730 734 739 743 748 752 757 761 765 770 774 779 783 788 793 798 803 809 814 819 823 827 831 835
506 497 488 478 467 454 439 424 413 408 410 418 431 445 457 466 474 478 477 474 473 474 476 486 502 517 526 533 536 539 540 542 543 546 548 552 556 562 568 573 577 582 586 590 596 601 607 613 620 626 632 638 644 649 653 658 662 667 672 677 682 688 694 699 705 710 714 718 722 726 731 735 740 744 748 752 757 762 766 771 776 780 785 789 794 799 804 810 815 820 825 829 833 837
510 502 492 483 471 458 442 426 415 410 411 417 430 445 459 471 480 484 485 483 481 479 477 481 493 510 522 531 535 538 540 541 543 544 547 550 555 560 566 571 576 580 584 589 594 599 605 611 618 624 630 636 641 647 652 657 661 666 671 676 682 688 694 699 705 710 715 720 724 728 732 736 740 744 748 752 757 762 767 772 777 781 786 790 795 800 805 811 816 821 826 831 836 840
514 506 497 488 476 463 447 431 418 412 413 418 428 441 456 470 481 487 489 489 487 484 482 482 491 507 520 529 534 538 539 541 542 544 546 549 553 558 564 569 574 578 582 587 592 597 603 609 616 622 628 633 639 644 650 655 660 665 670 675 681 687 693 699 704 709 714 720 725 730 734 738 741 744 748 752 758 763 768 773 778 782 787 791 796 801 807 812 817 823 828 833 838 842
516 509 500 491 481 468 453 437 422 415 415 419 426 437 452 467 479 487 491 491 489 487 486 487 494 507 519 528 534 537 539 540 541 543 545 548 551 556 562 567 572 576 580 584 589 594 601 608 614 620 626 631 636 642 648 653 659 664 669 674 680 686 692 698 703 708 714 720 726 731 735 738 742 745 748 753 759 764 770 774 779 783 787 792 797 802 807 813 819 824 830 835 840 845
518 511 504 495 485 474 459 443 426 417 416 420 424 432 446 462 475 485 489 490 489 488 488 490 497 508 519 528 534 537 539 540 541 542 544 546 550 555 560 565 569 573 576 580 585 591 598 605 612 618 623 628 634 640 646 651 657 662 667 673 679 684 690 695 701 706 713 720 727 731 735 739 742 745 749 754 760 766 771 775 780 784 788 792 797 802 808 815 820 826 831 837 842 847
519 513 506 498 489 479 466 449 432 420 416 418 421 428 440 455 469 478 482 485 486 487 487 490 498 509 520 528 534 537 539 539 540 541 542 544 547 552 557 561 565 569 572 575 579 586 594 602 610 615 620 625 631 637 643 649 654 659 664 670 675 681 687 692 697 703 711 720 726 731 735 738 742 745 750 755 761 767 772 776 780 784 788 792 797 803 810 816 822 828 833 839 844 850
520 515 509 501 493 483 471 456 438 423 416 416 419 423 433 445 457 464 471 478 481 483 484 487 496 509 520 528 533 536 538 538 538 538 539 540 542 546 551 556 561 564 567 569 573 579 588 598 606 612 617 621 627 633 640 646 651 656 661 666 671 677 682 687 691 697 706 717 724 729 733 737 740 745 750 756 762 767 772 776 780 784 788 792 797 804 811 817 823 829 835 841 846 852
521 516 510 504 496 487 476 461 445 427 416 414 416 419 425 434 443 448 458 469 476 478 478 483 495 509 520 528 532 535 536 536 536 535 534 534 535 539 545 550 555 557 560 563 566 572 581 591 600 607 612 617 622 628 635 641 647 652 656 661 665 670 675 679 683 689 699 710 719 725 730 734 738 743 749 756 762 767 772 776 779 783 788 793 799 805 812 818 825 831 837 843 848 854
522 517 512 505 498 489 479 466 451 432 420 415 414 415 419 425 431 436 448 462 471 475 478 485 496 509 519 526 530 532 533 532 531 529 527 526 528 532 538 543 548 551 554 558 560 566 575 585 593 601 606 610 616 622 629 636 643 647 651 655 659 663 666 670 675 681 691 701 711 719 725 730 735 741 747 754 761 766 770 774 778 782 787 794 801 806 812 818 825 832 839 845 850 855
522 517 512 506 499 490 480 469 455 439 426 418 414 414 416 419 424 430 442 456 468 477 482 489 498 508 516 522 526 527 527 526 524 521 518 518 521 526 532 537 541 546 550 555 560 565 572 579 587 594 600 604 609 616 624 631 637 641 645 649 653 658 665 672 676 680 686 693 702 712 720 726 731 737 743 750 757 763 768 771 775 780 786 793 800 805 810 817 825 833 840 846 851 857
521 517 512 506 499 491 481 471 458 444 431 421 415 413 415 418 422 426 435 449 464 477 485 492 499 506 512 517 519 520 519 517 514 511 512 517 523 529 534 540 545 549 554 558 562 566 571 576 581 588 594 598 604 611 618 624 630 635 641 646 653 661 670 676 680 682 685 694 702 708 715 721 727 733 739 745 752 758 763 767 772 777 783 789 795 800 807 815 824 833 841 847 852 858
521 516 511 505 499 491 482 471 459 446 432 422 416 414 415 418 420 422 428 441 458 473 484 492 498 503 507 510 511 510 508 506 504 505 512 521 528 535 541 547 552 555 559 562 566 570 574 578 583 587 591 597 602 609 615 622 628 634 641 648 657 667 675 681 684 687 692 701 710 715 719 722 726 731 736 742 748 754 760 766 772 777 783 788 793 798 804 812 822 832 840 847 853 860
519 515 510 504 497 490 481 470 458 443 430 421 416 415 415 417 419 420 424 436 452 467 479 489 496 500 502 502 501 499 497 495 496 503 514 524 532 539 546 552 558 561 564 566 569 573 577 581 585 589 594 599 605 612 618 625 632 638 645 653 661 671 679 684 688 693 699 708 717 722 724 727 730 734 739 744 750 756 763 770 776 782 788 792 797 801 807 814 822 830 838 847 854 862
517 512 507 501 495 488 479 468 455 438 426 419 416 416 416 417 417 419 425 436 448 461 474 485 492 495 495 494 492 489 487 488 493 504 516 526 534 542 549 556 562 565 568 570 573 576 579 583 587 592 597 602 608 614 622 629 636 642 649 657 665 673 681 687 692 697 704 712 719 724 728 731 734 738 743 749 755 762 770 777 783 789 794 799 804 809 814 820 825 832 839 848 857 866
514 509 504 498 491 484 475 464 450 434 423 418 416 416 417 417 417 419 424 432 442 454 467 479 486 489 488 486 483 481 481 486 495 506 517 527 535 542 549 557 564 568 571 573 575 578 581 585 590 595 600 605 610 617 624 632 639 645 652 660 668 676 683 689 694 700 707 713 720 725 730 734 738 742 748 754 761 769 777 784 790 796 801 807 812 818 823 828 832 837 844 853 863 871
511 505 500 493 486 478 469 458 444 430 421 417 416 417 417 417 418 419 422 428 436 447 459 471 479 481 481 478 477 476 478 485 496 507 517 526 534 541 547 557 565 569 572 574 576 579 582 586 591 596 602 607 612 618 625 633 640 647 654 662 670 678 684 690 696 702 707 713 719 725 730 735 740 745 752 759 767 776 785 792 798 803 809 814 820 826 832 836 840 845 853 862 871 879
507 500 494 487 480 472 463 451 438 426 419 417 417 417 418 418 418 419 420 424 431 440 451 462 469 473 473 472 471 473 479 486 495 506 516 524 532 538 546 556 564 569 572 574 576 578 582 586 591 597 602 607 613 619 625 632 639 646 654 662 670 678 685 691 697 702 708 713 719 725 730 736 741 748 755 763 772 782 792 799 804 809 815 821 827 834 840 845 849 855 863 872 879 887
501 494 487 480 473 465 455 444 432 422 417 416 417 418 418 419 419 419 420 422 428 435 444 453 460 464 465 466 467 471 478 485 493 503 512 520 527 535 544 554 561 566 569 572 574 577 580 585 590 597 602 607 613 619 625 631 637 645 652 660 669 677 684 691 696 702 707 713 718 724 730 736 742 749 757 766 777 788 797 803 808 813 819 826 833 839 846 852 858 865 873 880 887 894
495 486 479 472 465 456 446 436 427 420 417 416 417 418 419 419 419 419 420 422 426 431 437 445 451 455 458 460 464 468 474 481 489 498 506 514 522 530 539 548 556 561 565 569 571 574 579 584 589 594 600 606 612 618 624 630 636 642 649 657 666 675 683 689 695 701 706 711 717 722 728 735 742 750 759 769 779 790 798 805 810 815 821 829 836 844 851 858 865 873 880 888 894 900
487 478 470 463 455 446 437 429 423 419 417 417 417 418 419 419 419 420 420 422 424 428 433 439 444 449 452 456 460 465 470 477 484 493 501 509 516 524 533 542 550 556 560 564 567 571 577 583 588 593 598 604 611 618 624 629 634 639 646 654 663 672 680 688 694 699 704 710 715 721 727 734 742 751 760 769 779 788 797 804 809 815 822 830 838 847 855 864 872 879 887 893 899 905
478 467 458 451 444 436 427 423 419 418 417 417 417 418 418 419 420 420 421 422 424 427 431 436 440 444 448 452 456 462 468 475 483 492 499 506 512 519 528 536 544 550 554 557 562 569 576 582 588 593 599 605 611 617 624 629 634 638 644 652 661 669 678 685 692 698 703 708 713 719 725 733 741 751 760 769 778 786 793 800 807 813 820 829 838 849 859 869 877 885 892 898 904 909
467 455 446 439 433 425 420 417 416 416 416 416 417 417 418 419 420 420 421 422 424 426 430 433 437 441 445 450 455 462 470 478 488 497 503 507 511 516 524 532 540 547 552 556 561 568 575 582 588 594 600 605 611 617 623 629 635 640 645 652 660 668 676 683 690 696 702 707 712 717 724 732 741 750 760 769 777 784 791 797 803 810 818 826 837 849 862 874 882 889 896 901 907 913
455 443 434 427 423 419 416 414 414 415 415 416 416 417 418 419 420 421 422 423 425 426 429 432 435 439 445 453 461 468 476 486 495 504 510 513 515 518 523 531 539 546 552 558 563 569 576 582 589 595 601 606 611 617 623 630 636 641 646 652 659 667 674 682 689 696 701 706 711 716 723 732 741 750 759 768 776 783 789 795 801 808 816 824 835 850 865 878 886 893 898 904 909 915
445 435 426 420 417 414 413 413 413 413 414 414 415 416 417 419 421 422 424 425 427 428 429 432 436 440 448 457 466 475 483 493 504 513 517 519 521 523 527 533 540 547 554 560 566 571 577 583 589 596 601 605 611 617 623 630 636 642 647 653 659 667 674 682 689 696 701 706 711 717 724 732 742 751 760 768 776 783 789 794 800 807 815 823 835 850 866 880 889 895 900 905 911 917
437 428 421 416 414 413 412 412 412 412 412 413 414 416 418 420 422 425 427 429 430 430 431 433 438 444 452 462 472 481 490 500 510 519 523 525 526 528 532 537 543 550 557 563 568 573 578 584 589 595 599 604 610 616 623 629 636 641 647 653 659 667 675 683 690 696 702 707 713 719 726 734 744 753 761 769 777 783 790 796 802 808 816 824 835 850 865 879 889 896 902 907 912 919
430 424 418 415 413 412 412 412 411 411 412 412 414 416 419 422 426 430 432 434 435 434 434 436 440 447 457 468 478 487 496 505 515 522 526 529 531 533 536 541 546 553 559 565 570 575 580 585 590 594 599 604 610 616 622 629 635 640 646 652 659 667 675 683 690 697 703 709 715 721 729 737 746 755 763 770 777 785 792 798 804 811 818 826 837 850 864 877 888 897 903 908 914 921
425 420 417 415 413 412 411 411 411 412 413 414 415 418 421 426 432 437 440 442 442 442 441 441 445 452 461 472 482 491 500 508 517 524 529 532 534 537 540 544 549 555 561 566 571 576 581 586 591 595 600 605 611 617 622 628 633 638 644 650 658 666 675 683 690 697 704 711 717 724 732 740 748 757 764 771 778 786 793 800 806 813 821 830 840 852 865 877 888 897 904 910 916 924
422 419 416 415 413 412 411 411 412 414 417 419 420 423 427 434 442 448 452 455 456 455 452 450 452 457 465 475 484 493 502 511 518 525 530 534 536 539 542 546 551 556 562 567 572 577 582 587 592 597 602 607 612 617 623 628 632 637 642 649 657 665 674 682 689 696 705 713 720 727 734 742 750 758 766 772 779 787 794 801 808 816 825 834 844 855 866 878 889 899 906 912 918 926
420 418 416 415 413 412 411 412 415 420 425 428 430 434 439 446 453 460 465 470 472 469 464 460 459 461 467 475 484 494 503 512 520 526 531 535 538 541 544 548 552 557 563 568 573 578 583 588 593 598 603 608 613 618 623 628 632 636 642 649 657 664 671 679 686 695 705 714 722 729 736 744 753 760 767 774 780 787 794 802 810 818 828 838 848 858 869 880 891 900 908 915 922 930
418 417 416 415 413 412 412 413 419 430 436 439 443 447 451 458 465 472 478 482 483 481 474 468 466 466 470 475 484 493 503 513 521 527 531 535 538 542 545 549 553 558 563 568 573 578 583 588 594 599 604 609 614 619 624 628 633 638 644 650 657 664 670 676 684 694 704 713 722 730 737 746 754 762 769 775 781 788 794 802 811 821 831 841 851 861 871 882 891 900 910 918 925 932
417 417 416 415 413 412 413 416 427 442 448 451 454 458 464 470 476 482 486 489 490 487 482 477 473 471 472 476 483 493 503 513 521 527 532 535 539 542 546 550 554 559 564 569 574 579 584 589 594 599 604 609 614 619 624 630 635 640 646 652 658 664 670 676 684 693 702 712 721 729 738 746 755 763 770 777 783 789 795 803 813 824 834 844 853 862 872 881 890 900 909 918 926 934
417 416 415 414 414 413 415 421 435 448 456 461 465 469 474 480 484 488 491 493 493 492 489 485 480 477 475 477 484 493 503 513 520 526 531 535 539 542 546 551 555 560 564 569 574 579 584 590 595 600 604 609 614 619 625 631 637 642 648 654 660 666 672 678 685 694 702 711 719 728 737 746 755 764 773 780 786 791 797 805 815 826 837 846 855 863 871 878 888 897 907 917 926 935
416 415 415 414 414 414 418 425 438 452 463 470 474 478 482 486 489 491 493 495 495 495 493 491 488 483 479 480 486 495 504 512 520 525 530 535 539 542 546 551 555 560 565 570 575 580 585 590 595 599 603 608 613 619 625 631 638 643 649 655 662 668 675 681 688 695 703 711 719 728 738 747 756 767 776 784 790 794 799 808 818 829 839 847 855 862 870 877 885 895 904 914 924 935
415 415 414 414 414 416 420 428 440 453 466 476 481 484 487 489 491 492 494 495 496 497 496 495 493 488 485 486 491 498 505 512 519 524 529 534 538 542 547 551 555 560 565 570 576 581 586 591 595 598 602 607 613 619 625 631 638 644 650 656 663 671 678 684 691 697 704 712 720 730 739 749 760 771 781 789 795 798 804 811 821 831 840 848 855 862 868 875 883 892 902 912 923 936
415 414 414 414 416 418 422 430 440 453 466 478 483 487 489 490 491 492 493 495 496 498 499 498 496 494 492 493 497 502 508 513 518 524 529 534 538 543 547 551 555 560 565 571 576 582 587 592 595 597 601 607 613 619 625 631 637 643 650 657 664 672 680 687 693 699 706 714 722 732 742 753 763 775 786 795 800 804 808 815 823 832 841 849 855 861 867 873 880 889 900 912 924 937
414 414 414 415 417 419 423 430 439 450 462 473 481 486 488 490 490 491 492 494 496 498 500 500 499 498 498 499 502 507 512 516 519 524 529 534 539 543 547 551 555 560 565 571 577 583 588 593 597 599 603 608 614 620 625 631 636 642 649 656 665 673 681 689 695 702 709 716 725 735 746 756 767 779 791 800 806 809 813 819 825 833 842 849 856 861 866 871 877 887 900 913 925 938
