trunk/formation/postgis/data/vecteur/38_BDTOPO_mif/MNT_BDTOPO/ISERE_25_asc.asc
ncols         401
nrows         401
xllcorner     914987.50
yllcorner     6449987.50
cellsize      25.00
NODATA_value  -9999
[rows 84 to 125 of 401, columns 188 to 281 of 401]
216 216 216 216 216 215 215 215 215 215 214 214 214 213 213 213 213 214 214 216 217 218 220 221 224 227 230 234 240 248 257 269 282 295 308 320 329 336 341 346 351 357 363 370 377 379 372 359 356 370 386 399 407 410 412 413 414 416 417 418 419 419 419 420 422 427 433 440 446 452 456 458 458 457 457 459 462 465 466 465 462 457 450 442 437 433 434 443 453 461 471 482 491 500
216 216 216 216 216 216 215 215 215 215 215 215 214 214 214 214 214 215 216 217 218 220 222 225 229 234 239 245 253 263 274 286 299 312 323 333 340 345 350 356 361 368 375 383 389 392 384 371 362 369 388 402 409 413 416 417 419 420 422 423 424 424 425 427 430 436 442 449 455 460 463 464 464 463 462 463 465 467 468 468 466 463 459 454 449 443 437 435 442 452 463 474 482 490
216 216 216 216 216 216 215 215 215 215 215 215 215 215 215 215 215 216 217 219 220 222 225 230 236 243 250 259 268 279 291 303 315 327 336 344 350 355 360 366 373 380 388 395 401 403 395 383 372 370 388 401 409 415 418 421 423 425 426 428 429 431 432 434 438 444 450 456 462 467 471 471 469 468 467 467 468 470 471 470 469 470 469 466 461 455 447 440 437 443 453 463 471 479
216 216 216 215 215 215 215 215 215 216 216 216 216 216 216 216 217 218 219 222 224 226 230 236 245 254 263 274 284 295 307 319 329 339 348 354 360 365 370 376 384 393 400 407 411 411 404 393 383 377 387 399 408 415 420 424 426 429 431 433 435 438 440 442 446 451 457 464 469 474 477 477 474 472 471 471 472 473 474 474 474 477 478 476 473 467 460 452 444 440 444 452 461 470
216 216 215 215 215 215 215 215 216 216 217 217 217 217 218 218 219 220 223 227 229 232 237 244 256 268 279 291 301 310 322 332 342 350 358 364 369 374 380 387 396 405 413 418 421 419 412 403 394 387 389 398 408 416 422 426 430 434 437 440 443 446 449 451 454 459 464 470 476 480 483 483 480 477 476 476 476 477 479 480 481 485 486 486 483 479 471 463 454 445 439 444 452 461
216 216 215 215 215 215 215 216 216 217 218 218 219 219 219 221 223 224 229 234 236 240 248 258 271 285 298 310 319 326 335 344 353 361 368 374 379 384 391 399 408 417 425 429 431 428 421 412 405 399 395 398 409 418 424 429 434 439 444 448 452 456 459 461 463 466 470 476 481 485 487 487 485 483 482 482 482 483 485 487 490 492 494 494 492 488 481 471 460 450 443 442 447 453
216 216 215 214 214 215 215 216 217 218 219 220 222 223 224 226 228 231 236 242 247 253 262 275 288 303 318 328 335 342 349 356 364 371 378 383 388 394 402 411 420 430 437 441 441 437 430 422 415 408 403 401 412 421 429 434 440 446 451 457 462 466 470 472 472 473 475 480 485 489 491 491 490 489 489 489 490 491 493 496 499 501 502 502 499 494 486 475 464 457 454 453 452 452
216 216 215 214 214 215 215 217 218 219 221 223 226 229 231 234 236 239 245 253 261 269 280 291 304 319 334 344 350 355 362 368 375 382 388 393 399 406 414 424 433 442 449 452 451 446 438 430 423 416 410 407 416 426 434 440 446 453 459 466 472 477 480 482 482 481 482 486 490 493 495 496 496 496 497 497 498 500 502 505 508 510 511 509 504 497 487 476 467 466 467 468 467 463
216 216 215 215 215 215 216 218 220 222 224 228 232 235 239 242 245 250 257 266 275 284 296 308 319 332 347 357 362 367 373 380 387 393 399 404 411 418 427 436 445 454 460 463 461 454 445 437 430 423 417 413 421 430 438 446 453 460 468 474 481 487 490 491 491 490 490 492 495 498 500 502 503 504 505 506 507 509 512 515 517 519 519 516 510 499 487 477 472 476 480 484 482 477
217 216 216 216 216 216 217 220 223 226 229 234 239 243 247 251 256 262 270 280 288 298 311 325 335 344 355 365 371 376 383 391 398 404 410 416 423 431 440 448 457 464 471 474 469 460 451 443 436 431 425 420 425 434 442 451 459 467 475 483 490 496 500 501 500 498 498 499 501 504 506 508 510 512 513 515 517 519 522 524 527 528 527 524 516 504 491 480 481 488 494 497 496 492
217 217 217 217 217 218 220 225 230 233 235 241 247 251 256 261 267 275 285 294 303 313 329 343 351 356 363 371 378 385 392 402 410 416 421 427 435 443 451 459 467 474 479 481 475 466 457 448 441 438 435 430 430 437 445 454 463 472 481 489 497 504 509 510 508 506 504 505 507 510 513 515 518 520 522 524 526 529 532 534 536 536 534 530 522 511 498 490 494 503 508 510 509 505
218 218 218 219 220 222 226 234 240 244 246 251 256 260 265 272 279 290 301 310 319 330 346 359 363 368 373 379 386 393 402 412 421 427 433 439 446 454 462 470 476 482 485 484 477 469 461 453 448 445 443 439 436 438 448 457 467 476 485 494 503 511 517 519 516 512 509 510 512 516 520 523 526 529 532 534 536 539 542 544 545 544 541 535 527 517 508 503 509 517 520 521 520 516
219 219 220 221 225 231 239 248 256 259 261 264 266 268 274 283 293 305 316 326 335 345 358 367 373 378 383 389 396 404 413 423 431 438 443 449 456 464 472 479 484 487 488 485 478 472 465 459 454 451 449 446 441 440 449 459 468 478 488 497 506 515 522 525 522 516 513 514 518 522 527 532 536 539 542 544 546 548 552 554 554 551 547 541 533 525 519 517 521 526 529 530 528 525
220 221 222 225 231 242 257 267 273 275 276 277 277 275 283 296 308 321 332 341 350 358 367 374 380 386 393 399 406 415 424 433 441 447 452 457 464 473 480 486 489 491 490 486 481 474 469 464 460 457 454 450 446 444 451 459 469 480 490 499 509 517 525 529 526 519 516 518 523 529 535 540 545 550 553 555 556 558 561 563 563 559 554 547 540 534 530 529 531 534 536 537 535 532
222 224 227 231 241 257 275 286 289 290 289 288 287 287 297 311 324 336 347 355 362 368 374 381 387 394 402 409 418 426 435 442 449 454 459 464 471 479 486 491 494 495 493 490 485 478 472 468 465 462 459 455 452 449 452 459 469 480 491 501 510 519 526 529 528 524 521 523 528 535 542 549 555 560 563 565 567 569 571 572 570 566 560 554 547 542 539 538 539 541 542 542 540 537
226 230 235 241 255 273 289 300 304 303 301 299 298 302 313 327 340 351 359 366 371 376 381 387 394 402 411 420 428 437 445 451 456 460 465 471 478 485 491 496 498 498 497 493 489 483 477 473 470 467 464 461 457 455 455 459 467 479 490 501 511 520 526 530 530 528 528 530 535 542 550 557 564 569 573 576 579 581 582 581 578 573 568 562 555 550 546 545 546 547 548 547 545 542
234 239 247 257 271 289 304 313 317 315 311 308 310 317 329 342 353 362 369 374 378 383 388 394 401 411 421 430 439 447 454 459 462 466 470 477 484 491 497 500 502 502 500 497 493 487 482 479 476 473 470 467 464 461 460 461 467 478 489 500 512 521 527 530 532 533 534 538 543 550 558 565 572 578 582 586 590 592 592 590 585 580 575 569 563 557 553 552 552 553 553 552 550 547
245 254 263 273 287 304 317 323 325 324 319 316 321 330 342 354 364 371 376 381 384 389 394 401 410 421 432 442 451 458 463 467 469 472 476 484 492 498 502 505 507 506 504 501 497 493 489 485 483 480 477 473 470 467 468 468 469 476 487 499 511 520 527 531 534 537 541 545 551 558 566 573 580 586 591 596 600 602 602 598 593 587 582 577 571 564 559 558 558 559 559 558 555 553
264 273 281 289 301 315 324 329 330 329 325 324 331 341 352 364 372 379 383 386 390 395 402 411 421 433 444 454 462 468 472 475 477 480 485 493 501 506 508 511 512 511 509 506 503 499 496 493 490 487 484 480 476 474 475 476 475 476 484 497 509 520 528 533 537 541 546 552 559 566 574 582 588 594 599 604 608 610 610 607 601 595 591 586 579 572 567 565 565 565 565 564 562 559
284 291 298 305 312 322 329 333 334 333 332 334 340 350 361 371 379 385 389 392 396 403 412 422 434 445 456 465 473 478 480 483 486 490 495 504 512 514 516 517 517 516 514 511 509 506 504 501 499 496 492 487 482 481 483 484 482 480 483 495 507 519 528 535 540 545 551 559 567 575 583 590 596 601 606 611 615 617 617 615 610 605 600 594 587 580 575 573 572 572 572 571 569 566
302 309 314 319 324 330 333 336 337 338 339 342 349 358 368 377 385 391 395 399 405 413 423 434 446 457 468 477 483 487 489 491 495 500 506 515 521 523 524 524 524 522 521 518 516 514 512 510 507 504 500 495 491 489 491 492 491 488 486 494 506 518 528 536 543 550 557 565 575 584 591 597 603 608 612 616 620 623 624 624 620 615 608 601 593 587 583 581 581 581 580 578 575 572
318 324 328 332 336 339 340 341 342 343 346 351 357 366 375 384 391 397 402 408 415 425 436 447 459 470 479 487 492 495 497 499 503 509 515 523 528 530 531 532 531 530 529 527 524 522 520 518 516 513 509 504 500 499 500 501 501 498 495 497 506 518 528 538 547 555 563 573 583 591 598 603 608 612 616 620 624 628 631 632 630 624 616 608 600 595 592 591 590 590 588 585 581 577
333 337 340 343 347 350 351 350 350 351 355 360 367 374 382 390 397 403 410 417 425 436 448 461 472 481 490 496 501 504 505 507 510 516 523 529 534 537 538 539 540 540 539 537 534 531 528 526 524 521 518 513 509 508 509 511 512 510 507 504 509 519 529 540 550 560 570 580 590 599 604 608 611 615 619 624 628 633 637 639 638 631 623 615 608 604 603 602 601 600 596 591 587 582
348 350 351 353 356 361 364 363 362 362 365 371 377 384 390 397 404 411 418 426 435 447 460 473 484 492 499 505 510 513 514 515 517 523 529 535 539 542 544 547 549 550 549 547 544 540 537 534 531 528 525 521 518 516 518 520 521 521 517 512 514 522 531 541 553 564 576 587 596 604 607 610 613 617 622 628 633 639 644 647 645 639 631 623 618 615 616 616 614 610 604 598 592 586
361 362 362 363 366 369 372 373 374 374 378 383 389 394 398 404 411 418 426 435 445 457 470 482 493 502 509 515 519 522 523 524 526 531 536 541 545 548 551 554 557 559 559 557 554 550 546 541 537 534 531 528 525 524 525 528 529 529 525 520 519 525 533 543 555 567 580 591 601 606 608 610 613 619 625 632 640 648 653 655 652 646 638 631 627 627 629 630 626 620 613 605 597 590
371 372 371 372 374 376 378 380 382 385 389 395 399 403 407 411 418 425 434 444 455 466 479 490 501 510 518 524 528 532 534 535 537 540 544 547 551 555 559 563 567 569 568 566 563 559 553 548 543 539 535 533 531 531 532 534 536 536 532 527 525 529 536 546 557 568 581 593 603 606 606 608 613 620 629 638 648 658 664 664 660 653 645 639 637 638 641 642 637 630 622 613 604 595
379 380 380 380 380 381 382 384 387 391 398 404 408 411 415 419 425 433 442 452 464 475 488 499 510 519 527 534 539 543 545 548 549 550 552 554 558 563 569 574 577 578 578 575 572 567 560 553 547 543 539 537 537 537 538 540 542 542 540 536 534 536 541 548 558 568 577 587 596 601 602 606 614 623 633 645 658 669 674 673 668 661 653 648 646 648 650 650 646 640 631 621 611 601
387 387 386 385 385 385 386 388 391 396 404 410 415 418 422 427 433 441 450 460 472 485 497 509 519 529 537 543 549 553 556 559 559 559 560 563 568 574 580 585 588 588 586 583 579 573 566 559 552 547 543 541 541 542 543 545 547 548 547 545 544 544 547 553 560 569 576 583 590 596 600 606 616 627 638 652 666 677 682 681 676 669 662 657 655 656 658 658 654 648 640 630 619 608
393 393 391 389 388 387 388 390 395 401 408 415 420 425 429 435 441 449 458 468 481 495 508 520 530 539 546 552 557 561 564 566 567 567 569 571 577 585 591 595 597 597 595 590 584 577 570 562 555 550 547 545 545 546 548 550 552 554 555 555 554 554 556 560 567 574 582 589 594 599 604 611 621 632 644 658 672 683 688 688 683 677 670 665 663 664 666 665 661 655 647 638 628 616
400 400 395 392 390 389 390 393 398 404 412 419 425 431 437 443 451 459 468 478 493 508 521 532 541 549 555 560 564 567 569 571 572 573 575 579 586 594 600 603 604 603 600 595 588 581 573 565 558 553 550 549 550 551 553 556 558 561 563 563 563 563 565 569 575 582 589 596 601 606 612 618 627 638 649 662 675 686 692 694 691 685 678 673 671 673 675 673 668 661 654 646 636 625
403 401 396 393 392 391 392 396 401 408 416 423 431 438 445 452 461 470 480 492 507 522 534 544 552 558 562 566 569 571 573 575 576 578 580 585 593 600 605 607 607 605 602 597 590 583 575 567 560 556 554 553 554 556 559 562 565 568 570 571 571 572 574 577 583 589 597 604 611 616 621 627 634 643 654 666 678 689 697 700 699 694 687 682 680 682 684 683 676 668 660 652 644 635
406 403 400 395 393 393 395 398 404 411 419 428 436 444 452 461 472 482 494 507 522 535 547 555 561 565 568 570 572 574 575 577 578 580 583 588 596 604 607 609 608 605 601 597 591 583 576 568 561 558 558 559 560 563 566 569 573 576 578 580 580 581 582 585 591 597 605 613 621 627 632 636 642 649 658 669 680 692 701 707 707 703 697 693 692 695 697 695 688 677 667 659 653 646
409 405 400 396 394 395 397 401 407 414 423 432 441 450 459 470 481 493 506 522 536 548 558 563 566 569 570 572 573 573 574 576 577 580 584 590 598 604 607 607 606 604 600 595 589 583 576 569 564 563 563 565 567 570 574 577 581 584 587 589 589 590 591 593 598 605 613 623 631 638 642 646 650 656 664 673 684 695 706 714 716 713 708 705 705 709 713 711 702 690 677 668 663 658
412 407 402 397 395 397 400 405 410 417 426 435 445 455 466 478 490 504 519 535 549 558 564 568 569 570 571 571 571 570 569 570 572 576 583 592 599 602 604 604 603 601 597 592 587 582 576 572 569 568 569 572 575 579 582 586 589 593 596 598 599 599 600 602 607 613 621 631 639 646 651 655 659 664 670 679 689 700 711 719 723 722 719 717 719 723 727 726 719 706 692 681 675 671
414 410 405 399 398 400 404 408 414 421 429 438 449 461 474 486 500 515 531 546 557 563 567 569 570 570 570 569 568 565 562 561 564 571 580 590 596 599 599 598 598 596 593 589 584 581 577 575 574 574 576 580 584 588 592 595 598 602 605 607 608 609 610 612 615 621 628 637 646 653 658 663 668 672 677 686 697 707 717 725 730 731 731 730 733 737 741 741 736 726 713 699 689 683
416 414 410 406 402 404 408 413 419 425 433 443 455 468 481 495 509 524 539 552 560 564 566 568 569 568 567 565 562 560 557 557 559 566 575 584 590 593 593 592 591 589 586 584 581 580 578 578 579 581 584 588 593 598 601 605 608 611 615 617 619 620 621 622 625 629 636 643 651 658 665 671 676 681 687 696 707 716 724 732 737 740 742 743 746 751 755 756 752 743 731 717 705 698
418 416 414 411 409 409 413 418 424 431 440 451 463 475 488 501 516 530 542 554 560 562 564 566 566 565 563 560 557 555 553 553 555 561 569 577 582 585 585 584 583 581 579 578 578 579 580 582 584 587 592 597 603 608 612 615 619 622 625 628 629 631 632 633 636 639 644 650 657 664 671 678 685 691 699 708 718 726 734 740 746 750 753 755 759 764 767 768 766 759 749 736 723 716
420 419 417 416 415 416 419 423 430 438 448 459 471 482 494 506 519 529 539 548 555 559 561 562 562 561 559 555 552 549 548 549 552 557 562 568 572 575 577 576 574 572 572 573 576 579 583 586 590 594 600 606 613 618 622 626 630 633 637 639 641 642 643 645 646 649 653 658 663 670 677 685 693 701 710 720 728 735 743 749 755 760 764 768 773 776 779 779 777 773 766 757 746 735
421 420 420 420 420 422 425 430 436 445 455 466 477 487 496 506 516 523 530 539 547 553 556 558 558 556 554 550 547 545 544 545 547 551 555 558 562 565 568 568 566 564 565 569 575 581 586 591 596 602 608 616 623 629 634 637 641 646 649 652 653 654 655 656 657 659 662 666 670 676 684 692 701 710 720 729 736 744 751 758 765 770 775 780 785 788 790 789 788 785 779 773 765 756
421 422 423 424 425 427 430 435 442 451 462 472 481 488 494 501 508 514 520 527 537 545 550 552 552 550 547 544 541 539 539 540 542 545 547 549 551 554 557 559 560 561 564 570 577 584 590 596 603 610 618 626 633 640 645 649 654 658 661 663 664 665 666 666 667 668 670 673 677 683 690 700 709 718 727 736 743 751 758 766 773 779 785 791 796 798 799 799 797 795 791 785 779 772
421 423 425 427 430 432 436 440 447 455 465 474 481 485 488 493 500 506 512 520 529 537 543 545 545 543 541 538 535 534 534 535 537 539 541 543 546 550 554 557 559 563 567 573 580 588 595 602 610 618 626 635 643 650 656 661 666 670 673 674 675 675 675 675 676 676 678 680 684 689 697 706 715 724 732 740 748 756 764 772 780 787 794 800 804 806 807 807 806 804 800 795 790 784
421 424 427 431 434 437 440 444 450 457 465 472 477 480 482 486 493 500 508 516 525 531 535 538 538 537 534 532 530 528 528 530 532 535 538 543 549 554 558 561 564 568 572 577 584 592 600 608 617 625 634 643 651 658 665 671 676 680 681 683 683 683 682 682 682 683 684 686 689 694 701 709 718 727 735 743 751 760 768 776 784 792 799 805 808 811 812 813 813 812 809 806 801 795
